kin E	MS
 213	 699.410705566406
 214	 702.002990722656
 215	 704.588012695312
 216	 707.165832519531
 217	 709.736450195312
 218	 712.299865722656
 219	 714.856140136719
 220	 717.405151367187
 221	 719.947021484375
 222	 722.481689453125
 223	 725.009216308594
 224	 727.529541015625
 225	 730.042724609375
 226	 732.548767089844
 227	 735.047729492187
 228	 737.539489746094
 229	 740.024169921875
 230	 742.501708984375
 231	 744.97216796875
 232	 747.435485839844
 233	 749.891723632812
 234	 752.340942382812
 235	 754.783020019531
 236	 757.218017578125
 237	 759.64599609375
 238	 762.06689453125
 239	 764.480712890625
 240	 766.887573242187
 241	 769.287292480469
 242	 771.680053710938
 243	 774.065795898437
 244	 776.444519042969
 245	 778.816223144531
 246	 781.180969238281
 247	 783.538696289063
 248	 785.889465332031
 249	 788.233215332031
 250	 790.570068359375
 251	 792.89990234375
 252	 795.222839355469
 253	 797.538757324219
 254	 799.847778320313
 255	 802.14990234375
 256	 804.445068359375
 257	 806.733337402344
 258	 809.0146484375
 259	 811.289123535156
 260	 813.556640625
 261	 815.817321777344
 262	 818.071105957031
 263	 820.318054199219
 264	 822.55810546875
 265	 824.791320800781
 266	 827.017700195312
 267	 829.237182617188
 268	 831.449890136719
 269	 833.65576171875
 270	 835.854797363281
 271	 838.046997070313
 272	 840.232421875
 273	 842.411071777344
 274	 844.582946777344
 275	 846.747985839844
 276	 848.90625
 277	 851.057800292969
 278	 853.202575683594
 279	 855.340576171875
 280	 857.471862792969
 281	 859.596374511719
 282	 861.714172363281
 283	 863.825256347656
 284	 865.929626464844
 285	 868.027282714844
 286	 870.118225097656
 287	 872.202514648438
 288	 874.280090332031
 289	 876.351013183594
 290	 878.415222167969
 291	 880.472778320313
 292	 882.523742675781
 293	 884.567993164063
 294	 886.605651855469
 295	 888.636596679687
 296	 890.661010742188
 297	 892.678771972656
 298	 894.689880371094
 299	 896.694458007813
 300	 898.6923828125
 301	 900.683715820312
 302	 902.668518066406
 303	 904.646728515625
 304	 906.618347167969
 305	 908.583435058594
 306	 910.5419921875
 307	 912.493957519531
 308	 914.439392089844
 309	 916.378295898438
 310	 918.310729980469
 311	 920.236633300781
 312	 922.156005859375
 313	 924.06884765625
 314	 925.975219726563
 315	 927.875122070313
 316	 929.7685546875
 317	 931.655517578125
 318	 933.536010742188
 319	 935.410034179687
 320	 937.277648925781
 321	 939.138793945313
 322	 940.993530273438
 323	 942.841796875
 324	 944.683654785156
 325	 946.519165039063
 326	 948.348205566406
 327	 950.1708984375
 328	 951.987182617187
 329	 953.797058105469
 330	 955.6005859375
 331	 957.397766113281
 332	 959.188537597656
 333	 960.973022460938
 334	 962.751098632813
 335	 964.522888183594
 336	 966.288330078125
 337	 968.047424316406
 338	 969.800231933594
 339	 971.546752929687
 340	 973.286926269531
 341	 975.020874023438
 342	 976.748474121094
 343	 978.469848632813
 344	 980.184936523438
 345	 981.893737792969
 346	 983.596313476563
 347	 985.292602539063
 348	 986.982666015625
 349	 988.666564941406
 350	 990.344177246094
 351	 992.015563964844
 352	 993.680786132813
 353	 995.339721679688
 354	 996.992553710938
 355	 998.63916015625
 356	 1000.27960205078
 357	 1001.91381835937
 358	 1003.54193115234
 359	 1005.16387939453
 360	 1006.77966308594
 361	 1008.38928222656
 362	 1009.99279785156
 363	 1011.59014892578
 364	 1013.18139648437
 365	 1014.76654052734
 366	 1016.34558105469
 367	 1017.91851806641
 368	 1019.4853515625
 369	 1021.04608154297
 370	 1022.60076904297
 371	 1024.1494140625
 372	 1025.69201660156
 373	 1027.228515625
 374	 1028.75891113281
 375	 1030.28332519531
 376	 1031.8017578125
 377	 1033.31408691406
 378	 1034.82043457031
 379	 1036.32067871094
 380	 1037.81506347656
 381	 1039.30334472656
 382	 1040.78576660156
 383	 1042.26208496094
 384	 1043.732421875
 385	 1045.19689941406
 386	 1046.65539550781
 387	 1048.10791015625
 388	 1049.55444335937
 389	 1050.9951171875
 390	 1052.42980957031
 391	 1053.85864257812
 392	 1055.28149414062
 393	 1056.69848632812
 394	 1058.10949707031
 395	 1059.51477050781
 396	 1060.9140625
 397	 1062.30749511719
 398	 1063.69494628906
 399	 1065.07666015625
 400	 1066.45251464844
 401	 1067.82250976562
 402	 1069.18664550781
 403	 1070.54504394531
 404	 1071.8974609375
 405	 1073.244140625
 406	 1074.58508300781
 407	 1075.92016601562
 408	 1077.24938964844
 409	 1078.57287597656
 410	 1079.890625
 411	 1081.20251464844
 412	 1082.50866699219
 413	 1083.80908203125
 414	 1085.10375976562
 415	 1086.39270019531
 416	 1087.67590332031
 417	 1088.95336914062
 418	 1090.22509765625
 419	 1091.49108886719
 420	 1092.75146484375
 421	 1094.00610351562
 422	 1095.25500488281
 423	 1096.49829101562
 424	 1097.73583984375
 425	 1098.96765136719
 426	 1100.19396972656
 427	 1101.41455078125
 428	 1102.62951660156
 429	 1103.83874511719
 430	 1105.04248046875
 431	 1106.24047851562
 432	 1107.43298339844
 433	 1108.61975097656
 434	 1109.80102539062
 435	 1110.97668457031
 436	 1112.14660644531
 437	 1113.31115722656
 438	 1114.46997070312
 439	 1115.62329101562
 440	 1116.77111816406
 441	 1117.91333007812
 442	 1119.05004882812
 443	 1120.18115234375
 444	 1121.30676269531
 445	 1122.42687988281
 446	 1123.54138183594
 447	 1124.65051269531
 448	 1125.75415039062
 449	 1126.85217285156
 450	 1127.94482421875
 451	 1129.03198242187
 452	 1130.11364746094
 453	 1131.18981933594
 454	 1132.26049804687
 455	 1133.32580566406
 456	 1134.3857421875
 457	 1135.44018554687
 458	 1136.48913574219
 459	 1137.53271484375
 460	 1138.57092285156
 461	 1139.60375976563
 462	 1140.63110351562
 463	 1141.65307617187
 464	 1142.66967773438
 465	 1143.68103027344
 466	 1144.68688964844
 467	 1145.68737792969
 468	 1146.6826171875
 469	 1147.67248535156
 470	 1148.65698242187
 471	 1149.63610839844
 472	 1150.60998535156
 473	 1151.57849121094
 474	 1152.54174804687
 475	 1153.49975585937
 476	 1154.45239257812
 477	 1155.39978027344
 478	 1156.341796875
 479	 1157.27868652344
 480	 1158.21020507812
 481	 1159.13659667969
 482	 1160.0576171875
 483	 1160.97351074219
 484	 1161.88403320312
 485	 1162.78942871094
 486	 1163.68957519531
 487	 1164.58459472656
 488	 1165.47436523437
 489	 1166.35888671875
 490	 1167.23828125
 491	 1168.11242675781
 492	 1168.9814453125
 493	 1169.84533691406
 494	 1170.7041015625
 495	 1171.5576171875
 496	 1172.40600585937
 497	 1173.24926757812
 498	 1174.08740234375
 499	 1174.92053222656
 500	 1175.74841308594
 501	 1176.5712890625
 502	 1177.38891601562
 503	 1178.20153808594
 504	 1179.00915527344
 505	 1179.81164550781
 506	 1180.60900878906
 507	 1181.4013671875
 508	 1182.18872070312
 509	 1182.97094726562
 510	 1183.74816894531
 511	 1184.52026367187
 512	 1185.28747558594
 513	 1186.04956054687
 514	 1186.80676269531
 515	 1187.55883789062
 516	 1188.30603027344
 517	 1189.04821777344
 518	 1189.78540039062
 519	 1190.517578125
 520	 1191.24487304687
 521	 1191.96716308594
 522	 1192.68444824219
 523	 1193.39685058594
 524	 1194.10437011719
 525	 1194.80688476562
 526	 1195.50451660156
 527	 1196.19714355469
 528	 1196.88500976562
 529	 1197.56787109375
 530	 1198.24584960937
 531	 1198.91906738281
 532	 1199.58728027344
 533	 1200.25073242187
 534	 1200.90930175781
 535	 1201.56286621094
 536	 1202.21179199219
 537	 1202.85571289062
 538	 1203.49499511719
 539	 1204.12927246094
 540	 1204.7587890625
 541	 1205.38354492187
 542	 1206.00354003906
 543	 1206.61865234375
 544	 1207.22900390625
 545	 1207.83459472656
 546	 1208.43530273437
 547	 1209.03137207031
 548	 1209.62268066406
 549	 1210.20922851562
 550	 1210.791015625
 551	 1211.36804199219
 552	 1211.9404296875
 553	 1212.50805664062
 554	 1213.07092285156
 555	 1213.62915039062
 556	 1214.1826171875
 557	 1214.7314453125
 558	 1215.27551269531
 559	 1215.81506347656
 560	 1216.34985351562
 561	 1216.88000488281
 562	 1217.40539550781
 563	 1217.92626953125
 564	 1218.44250488281
 565	 1218.9541015625
 566	 1219.46105957031
 567	 1219.96337890625
 568	 1220.46105957031
 569	 1220.95422363281
 570	 1221.44274902344
 571	 1221.92663574219
 572	 1222.40612792969
 573	 1222.880859375
 574	 1223.35107421875
 575	 1223.81677246094
 576	 1224.27795410156
 577	 1224.73449707031
 578	 1225.18664550781
 579	 1225.63415527344
 580	 1226.0771484375
 581	 1226.51574707031
 582	 1226.94970703125
 583	 1227.37915039062
 584	 1227.80419921875
 585	 1228.22473144531
 586	 1228.64086914062
 587	 1229.05249023437
 588	 1229.45959472656
 589	 1229.8623046875
 590	 1230.26049804687
 591	 1230.65441894531
 592	 1231.04370117187
 593	 1231.4287109375
 594	 1231.80920410156
 595	 1232.18542480469
 596	 1232.55712890625
 597	 1232.92456054687
 598	 1233.28747558594
 599	 1233.64611816406
 600	 1234.00024414062
 601	 1234.35009765625
 602	 1234.69567871094
 603	 1235.03674316406
 604	 1235.37365722656
 605	 1235.7060546875
 606	 1236.03430175781
 607	 1236.35815429687
 608	 1236.67761230469
 609	 1236.99291992187
 610	 1237.30383300781
 611	 1237.61047363281
 612	 1237.91284179687
 613	 1238.2109375
 614	 1238.50476074219
 615	 1238.79431152344
 616	 1239.07958984375
 617	 1239.36071777344
 618	 1239.63757324219
 619	 1239.91015625
 620	 1240.17846679687
 621	 1240.44274902344
 622	 1240.70263671875
 623	 1240.95849609375
 624	 1241.2099609375
 625	 1241.45739746094
 626	 1241.70068359375
 627	 1241.93969726562
 628	 1242.17456054687
 629	 1242.4052734375
 630	 1242.6318359375
 631	 1242.85437011719
 632	 1243.07263183594
 633	 1243.28686523438
 634	 1243.49694824219
 635	 1243.70288085937
 636	 1243.90478515625
 637	 1244.1025390625
 638	 1244.29614257812
 639	 1244.48571777344
 640	 1244.67126464844
 641	 1244.85278320312
 642	 1245.03015136719
 643	 1245.20349121094
 644	 1245.37280273437
 645	 1245.5380859375
 646	 1245.69934082031
 647	 1245.85656738281
 648	 1246.009765625
 649	 1246.15893554687
 650	 1246.30419921875
 651	 1246.44543457031
 652	 1246.58264160156
 653	 1246.71594238281
 654	 1246.84521484375
 655	 1246.97045898437
 656	 1247.09191894531
 657	 1247.20935058594
 658	 1247.32275390625
 659	 1247.43237304687
 660	 1247.53796386719
 661	 1247.63977050781
 662	 1247.73754882812
 663	 1247.83142089844
 664	 1247.92138671875
 665	 1248.00756835937
 666	 1248.08984375
 667	 1248.16821289062
 668	 1248.24267578125
 669	 1248.31335449219
 670	 1248.38012695312
 671	 1248.44311523437
 672	 1248.50219726562
 673	 1248.55749511719
 674	 1248.60900878906
 675	 1248.65661621094
 676	 1248.70056152344
 677	 1248.74060058594
 678	 1248.77685546875
 679	 1248.80932617187
 680	 1248.83801269531
 681	 1248.86291503906
 682	 1248.88415527344
 683	 1248.90161132812
 684	 1248.91528320312
 685	 1248.92517089844
 686	 1248.93139648437
 687	 1248.93395996094
 688	 1248.9326171875
 689	 1248.927734375
 690	 1248.91906738281
 691	 1248.90673828125
 692	 1248.89074707031
 693	 1248.87109375
 694	 1248.84765625
 695	 1248.82067871094
 696	 1248.78991699219
 697	 1248.75561523437
 698	 1248.71765136719
 699	 1248.67602539062
 700	 1248.63073730469
 701	 1248.58190917969
 702	 1248.52941894531
 703	 1248.47338867187
 704	 1248.41369628906
 705	 1248.35046386719
 706	 1248.28356933594
 707	 1248.21313476562
 708	 1248.13916015625
 709	 1248.06164550781
 710	 1247.98046875
 711	 1247.89587402344
 712	 1247.8076171875
 713	 1247.71594238281
 714	 1247.62072753906
 715	 1247.52197265625
 716	 1247.41967773437
 717	 1247.31396484375
 718	 1247.20471191406
 719	 1247.09191894531
 720	 1246.97570800781
 721	 1246.85595703125
 722	 1246.73278808594
 723	 1246.60620117188
 724	 1246.47619628906
 725	 1246.34265136719
 726	 1246.20568847656
 727	 1246.06530761719
 728	 1245.92150878906
 729	 1245.7744140625
 730	 1245.62377929687
 731	 1245.4697265625
 732	 1245.31237792969
 733	 1245.15161132812
 734	 1244.98742675781
 735	 1244.81994628906
 736	 1244.64904785156
 737	 1244.47485351562
 738	 1244.29724121094
 739	 1244.11633300781
 740	 1243.93212890625
 741	 1243.74462890625
 742	 1243.5537109375
 743	 1243.35949707031
 744	 1243.162109375
 745	 1242.96130371094
 746	 1242.75720214844
 747	 1242.54992675781
 748	 1242.33923339844
 749	 1242.12536621094
 750	 1241.90832519531
 751	 1241.68786621094
 752	 1241.46423339844
 753	 1241.23742675781
 754	 1241.00732421875
 755	 1240.77404785156
 756	 1240.53759765625
 757	 1240.2978515625
 758	 1240.05493164062
 759	 1239.80883789062
 760	 1239.5595703125
 761	 1239.30712890625
 762	 1239.05151367187
 763	 1238.79272460937
 764	 1238.53076171875
 765	 1238.26574707031
 766	 1237.99755859375
 767	 1237.72619628906
 768	 1237.45178222656
 769	 1237.17419433594
 770	 1236.89343261719
 771	 1236.60974121094
 772	 1236.32275390625
 773	 1236.03283691406
 774	 1235.73986816406
 775	 1235.44372558594
 776	 1235.14453125
 777	 1234.84228515625
 778	 1234.53698730469
 779	 1234.22875976562
 780	 1233.91735839844
 781	 1233.60302734375
 782	 1233.28564453125
 783	 1232.96520996094
 784	 1232.64184570312
 785	 1232.3154296875
 786	 1231.98608398437
 787	 1231.65368652344
 788	 1231.318359375
 789	 1230.97998046875
 790	 1230.63879394531
 791	 1230.29455566406
 792	 1229.94738769531
 793	 1229.59729003906
 794	 1229.24426269531
 795	 1228.88830566406
 796	 1228.52941894531
 797	 1228.16772460937
 798	 1227.80297851562
 799	 1227.43542480469
 800	 1227.06506347656
 801	 1226.69165039062
 802	 1226.31555175781
 803	 1225.93640136719
 804	 1225.55456542969
 805	 1225.16979980469
 806	 1224.7822265625
 807	 1224.39172363281
 808	 1223.99853515625
 809	 1223.60241699219
 810	 1223.20361328125
 811	 1222.80187988281
 812	 1222.3974609375
 813	 1221.99011230469
 814	 1221.580078125
 815	 1221.16735839844
 816	 1220.75170898437
 817	 1220.33337402344
 818	 1219.91223144531
 819	 1219.48840332031
 820	 1219.06188964844
 821	 1218.63256835937
 822	 1218.20056152344
 823	 1217.76586914062
 824	 1217.32836914062
 825	 1216.88830566406
 826	 1216.44543457031
 827	 1215.99987792969
 828	 1215.5517578125
 829	 1215.10083007812
 830	 1214.64733886719
 831	 1214.19116210937
 832	 1213.732421875
 833	 1213.27087402344
 834	 1212.80676269531
 835	 1212.34008789062
 836	 1211.87072753906
 837	 1211.39880371094
 838	 1210.92431640625
 839	 1210.44714355469
 840	 1209.96740722656
 841	 1209.48510742187
 842	 1209.00024414062
 843	 1208.51281738281
 844	 1208.02282714844
 845	 1207.5302734375
 846	 1207.03515625
 847	 1206.53759765625
 848	 1206.03735351562
 849	 1205.53466796875
 850	 1205.02954101562
 851	 1204.52185058594
 852	 1204.01159667969
 853	 1203.49890136719
 854	 1202.98376464844
 855	 1202.46618652344
 856	 1201.94604492187
 857	 1201.42346191406
 858	 1200.8984375
 859	 1200.37097167969
 860	 1199.84106445312
 861	 1199.30871582031
 862	 1198.77392578125
 863	 1198.23681640625
 864	 1197.697265625
 865	 1197.1552734375
 866	 1196.61083984375
 867	 1196.06408691406
 868	 1195.51489257812
 869	 1194.96337890625
 870	 1194.40954589844
 871	 1193.85327148437
 872	 1193.29467773437
 873	 1192.73376464844
 874	 1192.17053222656
 875	 1191.60485839844
 876	 1191.03698730469
 877	 1190.466796875
 878	 1189.89416503906
 879	 1189.3193359375
 880	 1188.74230957031
 881	 1188.16284179687
 882	 1187.58117675781
 883	 1186.99719238281
 884	 1186.41101074219
 885	 1185.82263183594
 886	 1185.23193359375
 887	 1184.63891601562
 888	 1184.04382324219
 889	 1183.44641113281
 890	 1182.84680175781
 891	 1182.24499511719
 892	 1181.64099121094
 893	 1181.03466796875
 894	 1180.42626953125
 895	 1179.81579589844
 896	 1179.20300292969
 897	 1178.58813476562
 898	 1177.97106933594
 899	 1177.35180664062
 900	 1176.73046875
 901	 1176.10693359375
 902	 1175.48132324219
 903	 1174.85363769531
 904	 1174.22375488281
 905	 1173.591796875
 906	 1172.95776367187
 907	 1172.32165527344
 908	 1171.68334960937
 909	 1171.04309082031
 910	 1170.40075683594
 911	 1169.75634765625
 912	 1169.10986328125
 913	 1168.46130371094
 914	 1167.81079101562
 915	 1167.158203125
 916	 1166.50354003906
 917	 1165.84692382812
 918	 1165.18835449219
 919	 1164.52770996094
 920	 1163.86511230469
 921	 1163.20043945312
 922	 1162.53393554687
 923	 1161.86535644531
 924	 1161.19482421875
 925	 1160.52233886719
 926	 1159.84790039062
 927	 1159.17150878906
 928	 1158.49328613281
 929	 1157.81298828125
 930	 1157.130859375
 931	 1156.44677734375
 932	 1155.76086425781
 933	 1155.07299804687
 934	 1154.38330078125
 935	 1153.69165039062
 936	 1152.99816894531
 937	 1152.30285644531
 938	 1151.60559082031
 939	 1150.90649414062
 940	 1150.20556640625
 941	 1149.50280761719
 942	 1148.79821777344
 943	 1148.091796875
 944	 1147.38366699219
 945	 1146.67358398437
 946	 1145.96179199219
 947	 1145.24816894531
 948	 1144.53271484375
 949	 1143.81555175781
 950	 1143.0966796875
 951	 1142.3759765625
 952	 1141.65344238281
 953	 1140.92919921875
 954	 1140.20324707031
 955	 1139.4755859375
 956	 1138.74621582031
 957	 1138.01501464844
 958	 1137.2822265625
 959	 1136.54772949219
 960	 1135.81140136719
 961	 1135.07348632812
 962	 1134.33386230469
 963	 1133.59265136719
 964	 1132.84973144531
 965	 1132.10510253906
 966	 1131.35876464844
 967	 1130.61096191406
 968	 1129.86145019531
 969	 1129.11022949219
 970	 1128.357421875
 971	 1127.60302734375
 972	 1126.84704589844
 973	 1126.08947753906
 974	 1125.33020019531
 975	 1124.56945800781
 976	 1123.80712890625
 977	 1123.04321289062
 978	 1122.27770996094
 979	 1121.51062011719
 980	 1120.74206542969
 981	 1119.97192382812
 982	 1119.20031738281
 983	 1118.42712402344
 984	 1117.65246582031
 985	 1116.87622070312
 986	 1116.09851074219
 987	 1115.3193359375
 988	 1114.53857421875
 989	 1113.75646972656
 990	 1112.97277832031
 991	 1112.18774414062
 992	 1111.40112304687
 993	 1110.61315917969
 994	 1109.82360839844
 995	 1109.03271484375
 996	 1108.24047851562
 997	 1107.44665527344
 998	 1106.65148925781
 999	 1105.85498046875
 1000	 1105.05700683594
 1001	 1104.25769042969
 1002	 1103.45690917969
 1003	 1102.65478515625
 1004	 1101.85131835937
 1005	 1101.04650878906
 1006	 1100.24035644531
 1007	 1099.43273925781
 1008	 1098.62390136719
 1009	 1097.81372070312
 1010	 1097.00219726562
 1011	 1096.18933105469
 1012	 1095.37512207031
 1013	 1094.55969238281
 1014	 1093.74291992188
 1015	 1092.92492675781
 1016	 1092.10559082031
 1017	 1091.28503417969
 1018	 1090.46313476562
 1019	 1089.64001464844
 1020	 1088.81567382812
 1021	 1087.98999023438
 1022	 1087.16320800781
 1023	 1086.33520507812
 1024	 1085.505859375
 1025	 1084.67541503906
 1026	 1083.84362792969
 1027	 1083.0107421875
 1028	 1082.17663574219
 1029	 1081.34143066406
 1030	 1080.50500488281
 1031	 1079.66735839844
 1032	 1078.82861328125
 1033	 1077.98864746094
 1034	 1077.14758300781
 1035	 1076.30541992187
 1036	 1075.46203613281
 1037	 1074.61755371094
 1038	 1073.77197265625
 1039	 1072.92529296875
 1040	 1072.07751464844
 1041	 1071.22863769531
 1042	 1070.37866210937
 1043	 1069.52758789063
 1044	 1068.67553710937
 1045	 1067.822265625
 1046	 1066.96801757812
 1047	 1066.11279296875
 1048	 1065.25646972656
 1049	 1064.39904785156
 1050	 1063.54064941406
 1051	 1062.68127441406
 1052	 1061.82092285156
 1053	 1060.95947265625
 1054	 1060.09704589844
 1055	 1059.23364257812
 1056	 1058.36926269531
 1057	 1057.50390625
 1058	 1056.63757324219
 1059	 1055.77026367187
 1060	 1054.90197753906
 1061	 1054.03283691406
 1062	 1053.16271972656
 1063	 1052.29162597656
 1064	 1051.41967773437
 1065	 1050.54675292969
 1066	 1049.67297363281
 1067	 1048.79833984375
 1068	 1047.92272949219
 1069	 1047.04626464844
 1070	 1046.16882324219
 1071	 1045.29064941406
 1072	 1044.41149902344
 1073	 1043.53161621094
 1074	 1042.65087890625
 1075	 1041.76916503906
 1076	 1040.88671875
 1077	 1040.00341796875
 1078	 1039.11938476562
 1079	 1038.234375
 1080	 1037.3486328125
 1081	 1036.46215820313
 1082	 1035.57482910156
 1083	 1034.68676757812
 1084	 1033.79797363281
 1085	 1032.90832519531
 1086	 1032.01794433594
 1087	 1031.12670898437
 1088	 1030.23486328125
 1089	 1029.34228515625
 1090	 1028.44897460937
 1091	 1027.55480957031
 1092	 1026.66003417969
 1093	 1025.76452636719
 1094	 1024.86840820312
 1095	 1023.97149658203
 1096	 1023.07397460937
 1097	 1022.17572021484
 1098	 1021.27679443359
 1099	 1020.37719726562
 1100	 1019.47698974609
 1101	 1018.57611083984
 1102	 1017.67462158203
 1103	 1016.7724609375
 1104	 1015.86968994141
 1105	 1014.96630859375
 1106	 1014.06231689453
 1107	 1013.15771484375
 1108	 1012.25250244141
 1109	 1011.34674072266
 1110	 1010.44036865234
 1111	 1009.53338623047
 1112	 1008.62591552734
 1113	 1007.71783447266
 1114	 1006.80926513672
 1115	 1005.90008544922
 1116	 1004.99041748047
 1117	 1004.08020019531
 1118	 1003.16943359375
 1119	 1002.25817871094
 1120	 1001.34643554687
 1121	 1000.43414306641
 1122	 999.521423339844
 1123	 998.608215332031
 1124	 997.694458007813
 1125	 996.7802734375
 1126	 995.865661621094
 1127	 994.950561523438
 1128	 994.035034179688
 1129	 993.119079589844
 1130	 992.20263671875
 1131	 991.285827636719
 1132	 990.368591308594
 1133	 989.450927734375
 1134	 988.532836914062
 1135	 987.614379882813
 1136	 986.695556640625
 1137	 985.776306152344
 1138	 984.856750488281
 1139	 983.936767578125
 1140	 983.016479492188
 1141	 982.095825195313
 1142	 981.1748046875
 1143	 980.25341796875
 1144	 979.331787109375
 1145	 978.409790039063
 1146	 977.487487792969
 1147	 976.564880371094
 1148	 975.641967773438
 1149	 974.71875
 1150	 973.795288085938
 1151	 972.871520996094
 1152	 971.947509765625
 1153	 971.023254394531
 1154	 970.098693847656
 1155	 969.173950195313
 1156	 968.248901367188
 1157	 967.323669433594
 1158	 966.398193359375
 1159	 965.472473144531
 1160	 964.546569824219
 1161	 963.620483398438
 1162	 962.694213867188
 1163	 961.767700195313
 1164	 960.841064453125
 1165	 959.914245605469
 1166	 958.987243652344
 1167	 958.060119628906
 1168	 957.1328125
 1169	 956.205383300781
 1170	 955.277770996094
 1171	 954.35009765625
 1172	 953.422302246094
 1173	 952.494323730469
 1174	 951.566345214844
 1175	 950.63818359375
 1176	 949.7099609375
 1177	 948.781677246094
 1178	 947.853271484375
 1179	 946.924865722656
 1180	 945.996337890625
 1181	 945.067749023438
 1182	 944.13916015625
 1183	 943.210510253906
 1184	 942.281860351563
 1185	 941.353149414062
 1186	 940.424499511719
 1187	 939.495788574219
 1188	 938.567016601563
 1189	 937.638366699219
 1190	 936.709655761719
 1191	 935.781005859375
 1192	 934.852355957031
 1193	 933.923706054688
 1194	 932.995178222656
 1195	 932.066650390625
 1196	 931.138244628906
 1197	 930.209838867187
 1198	 929.281555175781
 1199	 928.353332519531
 1200	 927.425170898438
